 # Material  5762
 # ndensities  ntemperatures
 # density array/(kg/m^3)
 # Temperature array/K
 # u/(J/kg)  p/Pa  cs/(km/s)  s/(J/kg/K) - inner loop over density
 50 30
 0.0116255 0.116255 1.16255 1.4419875199999998 1.7885923300000001 2.21850916 2.7517633800000003 3.41319381 4.23360963 5.25122555 6.513441749999999 8.079051849999999 10.0209814 12.4296849 15.417358799999999 19.1231681 23.719727900000002 29.4211447 36.4929882 45.2646627 56.144749700000005 69.64004 78.1718904 86.7037407 95.23559110000001 103.767441 112.299292 120.831142 129.36299300000001 137.89484299999998 146.23203 146.426693 154.95854400000001 163.490394 172.022244 180.554095 189.085945 197.617796 206.149646 214.681496 223.213347 231.74519700000001 240.27704699999998 248.808898 257.340748 265.872599 274.404449 282.936299 291.46815 300.0
 2.177 2.55505 2.9331 3.31115 3.6892 4.06725 4.4453 4.82335 5.2014 5.6 6.05 6.53 7.00798213 8.05 9.44203745 11.0 12.7215038 17.1400144 23.0931893 31.1140574 41.9207825 56.4809657 76.098281 102.529202 138.140273 186.12 313.593894 528.374867 890.259681 1500.0
 162509.03523 52.5440496 86.79023 93215.47961874139
 162481.07288 522.9299619999999 86.550162 88429.57927423058
 162195.8755 4975.57926 84.128632 83615.27909967846
 162118.07321 6086.56136 83.470707 83158.87180064309
 162020.66765 7418.224090000001 82.64393 82699.98151125402
 161898.51298 8998.18741 81.60624399999999 82237.85198897564
 161745.03863 10846.718499999999 80.300464 81771.47497932934
 161551.84517 12967.3069 78.652203 81299.5052687184
 161308.20302 15330.931299999998 76.563762 80820.15338539274
 161000.45708 17850.6308 73.905343 80331.05883325677
 160611.37433 20341.7241 70.501729 79829.15701883326
 160119.54273 22461.974400000002 66.11059399999999 79310.57796508956
 159499.06403 23626.433 60.382598 78770.65632981167
 158720.01493 22896.6416 52.772103 78204.207776757
 157750.50683 18859.6342 42.266147 77606.33556729443
 156561.624238 9549.725030000001 25.934339 76974.16088102893
 155136.857978 -7461.12543 0.0E+0 76309.93655397336
 153487.24526999998 -34571.2602 0.0E+0 75625.77674322462
 151670.96288 -72952.7325 0.0E+0 74949.2603031695
 149809.78607 -120589.503 0.0E+0 74326.91643086816
 148084.72423 -170683.384 66.68972099999999 73819.5166881029
 144792.7851 2771.8983999999995 49.011471 72858.07441433166
 145347.10749999998 -52278.3168 0.0E+0 73128.66706476803
 145710.8482 -126218.695 0.0E+0 73345.70716582454
 145863.98569 -216710.921 0.0E+0 73496.23394120349
 145812.13804 -314105.816 0.0E+0 73577.1359393661
 145586.3849 -400076.722 0.0E+0 73593.80491502066
 145240.1963 -447375.156 0.0E+0 73558.31717960496
 144843.8292 -420969.248 101.37425 73487.12370234268
 144476.5486 -280714.869 162.70448000000001 73398.28649517686
 144221.2749 5680.36314 214.20391 73310.30900321543
 144217.086 14423.6286 215.39596 73308.34299494719
 144132.8164 500731.976 266.03303999999997 73228.91152962793
 144268.2003 1202960.67 310.23805 73163.17537896187
 144633.0831 2126811.3 348.52508 73102.3991272393
 145191.4643 3251228.81 381.99550999999996 73022.63661001378
 145851.34536 4521124.3100000005 417.04225 72881.7897381718
 146456.23074 5841206.87 452.46072 72617.16777216352
 146778.79707 7071617.32 481.7099 72143.68000459347
 146517.1655 8026030.65 503.45437999999995 71352.77295819936
 145294.112 8472827.82 518.0820900000001 70112.19576022048
 142659.4405 8139838.36 526.13478 68266.64763435921
 138095.6256 6723028.46 528.4772399999999 65639.32930179145
 131026.71669999999 3899364.05 526.70147 62034.389650895725
 120830.3818 -656075.0410000001 523.57576 57240.22835553514
 106852.8709 -7248806.319999999 523.48266 51033.5893523197
 88426.59259999999 -16139699.399999999 532.61027 43184.35738631143
 64889.9293 -27516116.5 558.42205 33460.951979788704
 35608.868 -41459877.4 608.1027399999999 21636.20087276068
 0.0E+0 -57912560.8 452.94280999999995 7493.570142397794
 163687.19408 61.674691100000003 94.029161 83125.95944502064
 163661.26809 614.345128 93.819897 78340.92635760552
 163398.2403 5901.97887 91.717709 73536.06888319211
 163326.88883 7240.182110000001 91.15109700000001 73082.40931880003
 163237.77769 8856.45632 90.44348600000001 72627.05218684566
 163126.34557 10793.972 89.560214 72169.49025263693
 162986.80856 13093.4228 88.456083 71709.05041388623
 162811.82537 15785.503400000001 87.07342999999999 71244.83836715524
 162592.08288 18877.9602 85.338267 70775.66825698128
 162315.80139 22334.2135 83.154978 70299.97862664136
 161968.18234 26039.3056 80.398881 69815.74236903388
 161530.87036 29747.659 76.90543699999999 69320.39210974345
 160981.59573 33006.6054 72.453682 68810.80880217608
 160294.32841 35051.905699999995 66.738332 68283.46741159663
 159440.53428 34681.0361 59.314594 67734.90099215279
 158392.47184 30135.5111 49.456431 67162.7319387096
 157129.78565 19078.088799999997 35.597913 66567.57607483219
 155650.559813 -1155.74456 7.5231037 65956.0329202951
 153986.62877 -32750.154799999996 0.0E+0 65344.46878534667
 152218.96867 -75834.75760000001 0.0E+0 64762.05697344475
 150481.71478 -126754.61899999999 40.4253 64249.65890295689
 149731.34154 -60293.4138 0.0E+0 64250.09058139762
 149458.67354 -113944.527 0.0E+0 64195.59677501418
 149101.26284 -179065.174 0.0E+0 64126.88234672511
 148642.39966 -253015.027 0.0E+0 64033.99172618931
 148083.7219 -327326.206 0.0E+0 63913.192227157975
 147446.0398 -386339.064 0.0E+0 63766.25212813839
 146767.89223 -406662.163 55.097936 63599.43000332674
 146102.06578 -357676.92600000003 120.19802 63422.13811080019
 145510.32749999998 -203220.528 173.43148 63245.2932036555
 145065.0397 86817.1009 220.25666999999998 63082.996849376715
 145056.6774 95524.8129 221.36386 63079.3997377742
 144799.4915 576024.4700000001 269.61221 62932.438621553395
 144782.9829 1269472.99 313.78261000000003 62807.650848319994
 145028.4498 2195283.71 355.15567999999996 62701.3194653725
 145525.8003 3355402.1 394.1769 62600.65810845189
 146225.84359 4728932.91 434.29247 62481.91600555762
 147033.81326999998 6267616.42 479.15881 62308.80208606484
 147804.54168 7892703.850000001 525.5128 62031.32184497368
 148339.64444 9493762.85 569.3508499999999 61585.10533257666
 148386.99331 10929894.5 610.14677 60891.28597874797
 147642.66934 12033765.700000001 648.78251 59856.97076378153
 145755.4943 12618762.1 686.47569 58376.31943797577
 142334.1452 12489451.5 724.69728 56332.230003326745
 136956.7664 11455427.1 765.25884 53598.60660100584
 129182.9145 9348478.42 810.3538 50043.16825111055
 118567.5988 6042923.49 862.51633 45530.74017729595
 104677.1277 1478840.25 924.4966999999999 39926.95829044441
 87106.42820000001 -4312148.16 999.0742700000001 33102.30733253752
 65497.485700000004 -11178932.9 874.44812 24936.409757147612
 164865.27557 70.8050131 100.74931 75696.9580887116
 164840.683 705.7278070000001 100.56313 70912.41410112167
 164592.16528 6824.626749999999 98.695638 66112.87872217108
 164525.03428 8387.83749 98.194355 65660.76709965564
 164441.34918 10285.1538 97.57065800000001 65207.40004773106
 164336.93076 12574.4334 96.79452400000001 64752.41043946677
 164206.5095 15315.3691 95.827944 64295.31383178207
 164043.43632 18563.499900000002 94.62301500000001 63835.46964644915
 163839.32534 22359.4576 93.119162 63372.03209573489
 163583.62591 26710.7278 91.239438 62903.89029013672
 163263.13747 31562.0062 88.885582 62429.603071835255
 162861.51604 36748.8533 85.931331 61947.34037025672
 162358.88889 41928.2814 82.21324800000001 61454.86181514439
 161731.81485999998 46480.5613 77.517958 60949.59116975214
 160954.02256 49382.2598 71.563879 60428.89051174526
 159998.63141 49068.337199999994 63.972739000000004 59890.69680883706
 158842.84813 43343.3931 54.212558 59334.730670621524
 157476.1952 29483.7751 41.406355 58764.45126316866
 155912.590154 4785.88581 22.962082000000002 58189.65574102486
 154204.03393 -32167.315700000002 0.0E+0 57628.89916129692
 152448.23218 -79847.7677 26.276132 57109.70416283113
 151875.1201 -78061.5424 0.0E+0 57060.18635573284
 151230.17442 -125740.773 0.0E+0 56893.93417203641
 150566.48972 -180425.124 0.0E+0 56732.7271555692
 149866.02034 -239195.663 0.0E+0 56567.461198049844
 149125.18408 -294238.079 0.0E+0 56393.38968327026
 148356.00623 -331528.64999999996 30.78461 56209.686383007734
 147585.49427999998 -330153.271 94.56853 56018.83150250587
 146853.36187 -262448.74 142.90257 55825.77579011967
 146208.26774 -95085.1014 188.32151 55636.8802768402
 145712.3923 200141.411 230.16349 55462.56295387133
 145702.7983 208878.29 231.17557 55458.65824554226
 145387.4848 687025.953 276.35405000000002 55296.36681326924
 145304.1987 1373869.58 319.35868 55152.51109747366
 145479.30849999998 2296635.2 361.50098 55025.33374245677
 145917.00086 3470888.5500000002 402.88725 54907.367583785075
 146593.17251 4896395.1899999994 445.23564 54784.1313661314
 147450.27938 6553651.33 492.50635 54633.04312161194
 148393.4969 8401534.319999998 545.73308 54422.62060618459
 149288.49235 10376508.4 599.5696499999999 54112.02657597763
 149961.04781 12393782.299999999 650.10677 53651.00405373154
 150198.69956 14350751.700000001 697.5191 52980.23260372985
 149754.48349 16132983.100000001 743.3287200000001 52032.12039480414
 148352.79802 17622896.8 789.15504 50732.031768095184
 145697.3223 18711214.1 836.63689 48999.934966417786
 141480.8596 19311129.6 887.54546 46752.44129078449
 135396.9169 19375079.1 943.83983 43905.19510415602
 127152.7868 18913892.9 1007.6463 40375.565657495484
 116483.8609 18018056.2 1081.1811 36085.58405782278
 103168.8866 16880754.299999997 1022.0618999999999 30965.066141624902
 166043.3053 79.9351542 107.0485 70010.33640880056
 166019.5762 797.092089 106.88135 65226.07054950697
 165780.51994 7745.139340000001 105.20645 60429.582483427206
 165716.15875 9532.09396 104.75816 59978.362879966174
 165636.04396 11708.4116 104.20188 59526.145586880695
 165536.25416 14346.1404 103.51115 59072.64650046057
 165411.86845 17523.1476 102.65319000000001 58617.49336333298
 165256.70923 21318.4503 101.58707 58160.19743291606
 165063.02536 25803.3117 100.26155 57700.1171375504
 164821.11216 31025.6037 98.612318 57236.41389245428
 164518.87601 36983.7859 96.5584 56768.00275130997
 164141.37708 43585.4309 93.99748600000001 56293.50551319028
 163670.43396 50583.845 90.80001899999999 55811.22593660813
 163084.46422 57485.9967 86.802113 55319.18575721426
 162358.88414 63428.2488 81.798517 54815.289745254674
 161467.60825 67029.17180000001 75.539867 54297.729988070605
 160386.44359 66262.5075 67.74578000000001 53765.7756942452
 159099.31725 58465.476 58.15892 53221.0840795494
 157607.90995 40713.5223 46.672882 52669.51350739169
 155943.589337 10856.585 33.43822 52122.98036543195
 154176.33555 -30944.287899999995 28.690067 51600.09197710765
 153305.7579 -66657.06580000001 0.0E+0 51380.986062244235
 152460.46986 -107413.25099999999 0.0E+0 51166.33863159326
 151636.33578 -152260.33 0.0E+0 50966.408190507834
 150813.8621 -197931.174 0.0E+0 50772.480860124123
 149985.65051 -236875.218 26.554240999999997 50579.155613608563
 149157.62666 -256014.01 77.241867 50384.041997493324
 148348.86914 -235999.842 118.39551 50187.3543149661
 147590.07691 -151141.671 158.93537 49991.3523730426
 146920.78115999998 29895.876 199.9499 49799.61803602977
 146395.86059999998 333710.556 239.30792 49620.246500460554
 146385.47467 342586.467 240.27575000000001 49616.18149887501
 146028.89247 824275.174 284.16168000000004 49444.53001827159
 145890.72745 1511279.31 327.00002 49286.54372347976
 146000.10085 2435563.94 370.09106 49141.41296830405
 146370.12766 3621267.35 413.58504 49004.594947374775
 146992.92078 5081405.100000001 458.64273 48866.86978240188
 147835.36441 6815115.0 507.97225000000003 48713.55323981095
 148835.9586 8805817.889999999 563.5040799999999 48523.91891034837
 149902.99471 11020658.799999999 621.70874 48270.87407698231
 150914.26849 13411561.5 677.00068 47920.925122691514
 151718.47686 15918177.6 728.10331 47434.456249339345
 152138.37977 18472946.8 776.68152 46766.33447895746
 151975.74245 21008405.3 824.7326499999999 45866.841516391585
 151018.0109 23466798.7 873.9942699999999 44682.92212675354
 149046.6152 25811972.1 926.0888 43159.72820319224
 145846.7458 28043432.5 982.68157 41242.42900502846
 141218.4074 30212410.200000002 1045.5414999999998 38878.25087960376
 134988.5263 32439691.9 1116.5278999999998 36018.70495145191
 127023.8673 34934955.2 1085.0175 32621.95732600456
 167221.3006 89.0651924 112.99713 65525.713433806784
 167198.1241 888.445876 112.84602000000001 60741.60625609888
 166965.2007 8664.41444 111.33291 55946.87899815678
 166902.65649999998 10674.374 110.92877 55496.18098774802
 166824.8949 13128.4943 110.42828 55044.63919006831
 166728.172 16112.7157 109.80782 54592.020410929195
 166607.8086 19722.582899999997 109.03863 54138.021766236575
 166457.9563 24059.7619 108.08503999999999 53682.24894286024
 166271.3105 29224.7708 106.90276999999999 53224.18841483248
 166038.7663 35303.6065 105.43669999999999 52763.17372330044
 165749.0211 42344.8462 103.61814 52298.3467147349
 165388.14792 50322.3763 101.36139 51828.61967906321
 164939.19981 59077.345 98.55957699999999 51352.65044183021
 164381.97554 68231.9769 95.080357 50868.856700639706
 163693.19188 77069.59030000001 90.763671 50375.5159329936
 162847.4832 84384.567 85.42770800000001 49871.026401387825
 161819.87217 88333.94459999999 78.89900800000001 49354.431792800605
 160590.53548 86387.1503 71.10026599999999 48826.3131247967
 159152.54942 75585.153 62.243359999999995 48290.060696085864
 157522.18562 53410.8254 53.085681 47753.26214897539
 155747.9725673 19212.093399999997 41.235474 47228.37663105822
 154541.77664 -34682.2411 0.0E+0 46872.994914886694
 153571.38731 -68118.82329999999 0.0E+0 46631.418142144633
 152645.65414 -103557.468 9.4858047 46409.545494958256
 151744.53923 -137330.621 43.982655 46198.97975983952
 150858.46181 -161906.345 72.90458199999999 45994.01060121436
 149989.53975999998 -164719.90899999998 103.96616 45791.375382196674
 149151.69617 -127416.043 137.70741 45589.96713921717
 148369.61823 -25645.5837 173.94328000000001 45390.43723029382
 147676.63489 170488.966 212.28733 45194.67572644476
 147122.81144 486190.81 250.1202 45009.4114008457
 147111.6476 495305.37400000006 251.05959 45005.17605442915
 146715.30655 985765.6950000001 294.07257999999995 44824.306258809505
 146525.6715 1679157.29 336.77593 44653.51981459395
 146573.62996 2610402.85 380.39543999999995 44492.54737070367
 146878.36497 3809230.28 425.00403 44338.61416296216
 147443.16896 5297479.090000001 471.24339 44185.72965954679
 148251.89048 7086849.9 520.51518 44024.09456792801
 149266.27638 9177414.700000001 574.07536 43839.66620947631
 150424.43652 11557198.0 630.61912 43613.918253279844
 151640.61318 14203112.5 686.32424 43323.822487260105
 152806.38472 17083490.1 738.87756 42942.07277458528
 153793.37804 20162393.9 788.84536 42437.56142795186
 154457.50705 23405830.400000002 837.92943 41776.109591239284
 154644.7004 26789913.0 887.82489 40921.44413422964
 154198.03128999998 30310955.099999997 940.06808 39836.405494416125
 152966.11898 33997407.2 996.15368 38484.363975929743
 150812.63668 37923494.699999995 1057.625 36830.81645885287
 147626.73446 42224361.4 1126.099 34845.13121001844
 143334.1696 47112497.3 1110.2514999999998 32502.406321153637
 168399.2732 98.1951721 118.6479 61904.50599299282
 168376.4426 979.7936860000001 118.51058 57120.488438133885
 168147.4389 9582.96583 117.13624 52326.776446001604
 168086.0774 11815.4918 116.76975 51876.38473169833
 168009.8586 14546.6987 116.31657 51425.242436535743
 167915.1621 17876.2352 115.75542 50973.14836806196
 167797.4787 21917.014199999997 115.06079 50519.843604401015
 167651.1937 26792.8313 114.20117 50064.994308193505
 167469.3223 32632.5899 113.13765000000001 49608.1696969697
 167243.1927 39558.9714 111.82219 49148.81539123487
 166962.0788 47668.3281 110.19541 48686.222386133144
 166612.7985 56997.1659 108.18392 48219.49562972524
 166179.3229 67468.93269999999 105.69735 47747.53041981683
 165642.49385 78813.4884 102.6258 47269.01418648965
 164980.03816999998 90452.298 98.840132 46782.48567705452
 164167.20955 101349.53300000001 94.202052 46286.50312864958
 163178.58295 109853.12199999999 88.599814 45779.99425902023
 161991.72102 113609.25899999999 82.040693 45262.8635613744
 160593.43063 109746.52500000001 74.834114 44736.87964349376
 158988.58439 95632.09060000001 67.79671900000001 44206.68217837606
 157208.72244 70211.6384 56.126734 43680.338543241756
 155715.12222689998 13247.4548 46.383569 43234.73753196878
 154659.47482 -12453.8673 56.896301 42974.794940070074
 153661.43726 -38523.0708 65.92999400000001 42737.18899993854
 152701.44772999998 -60870.3948 80.490984 42513.83889114267
 151769.11467 -71840.2074 100.67517 42298.95390497265
 150864.46949 -59118.9658 125.97557 42088.821289569124
 149998.26521 -4985.71332 155.66841 41881.578194111505
 149191.28297 113968.162 189.02115999999998 41676.91259942222
 148472.68925999998 326565.223 225.33382 41475.67325834409
 147889.47783 656752.898 261.86411999999995 41283.79977380294
 147877.55195 666181.9219999999 262.77674 41279.389157293015
 147443.67779 1169328.47 304.83503 41089.71412871105
 147207.9769 1873755.64 347.069 40907.82132890775
 147202.59086999998 2816233.52 390.56174999999996 40733.77962259512
 147451.03945 4030198.4199999994 435.22150999999996 40565.947470649705
 147964.64568 5543504.0 481.24387 40400.4211887639
 148739.49125 7376539.12 529.15408 40230.573888991333
 149754.13384 9540985.030000001 579.4970999999999 40046.71835761264
 150968.28749 12039478.6 631.99048 39835.92259880755
 152322.6278 14866426.2 685.07914 39582.00120720388
 153739.83869 18010176.5 737.1047699999999 39265.69891695864
 155126.968589 21456713.3 787.68016 38865.07492507223
 156379.11461 25194972.8 837.5931899999999 38356.09010141988
 157384.40511 29223830.8 888.09043 37713.391298789116
 158030.20741 33560744.4 940.4957 36911.28086053231
 158210.44913 38251975.4 996.1463699999999 35924.85370459155
 157833.91043 43384274.0 1056.4233000000001 34731.279741840306
 156833.32186 49097859.3 1122.773 33311.20628434446
 155175.087616 55600503.5 1117.7509 31650.252557870804
 169577.2306 107.325119 124.04153 58923.891953299
 169554.6078 1071.13815 123.91627 54139.923447236404
 169328.03889999998 10501.0952 122.66305 49346.785998695246
 169267.4331 12955.9264 122.32925999999999 48896.572559782245
 169192.2103 15963.789 121.917 48445.665196949594
 169098.8369 19637.9247 121.40699000000001 47993.88320248353
 168982.9241 24108.418700000001 120.77638 47540.99601826649
 168839.0249 29520.8632 119.99704 47086.709310957645
 168660.3861 36031.984200000006 119.03445 46630.6469304659
 168438.6526 43800.207 117.8462 46172.32904415901
 168163.5236 52968.1159 116.38023 45711.14691921805
 167822.3716 63632.3789 114.57278 45246.336152790594
 167399.8581 75795.02130000001 112.34624 44776.95469372147
 166877.6187 89288.355 109.60778 44301.876971183053
 166234.1642 103665.87299999999 106.25152 43819.826378422156
 165445.25848 118057.065 102.17094 43329.481312847274
 164485.20364 131005.181 97.29723 42829.70506827436
 163329.65846 140362.636 91.691047 42319.95364992239
 161960.69863 143429.43899999998 85.71179 41800.881094639284
 160374.3326 137636.69 80.187652 41275.03947990012
 158588.35599 121839.8 71.07730600000001 40747.259935212474
 156865.14979999998 73932.377 81.532109 40247.511461543654
 155749.520906 56448.8917 88.359889 39973.427284097815
 154697.4774 39970.0207 95.021434 39723.09515668234
 153690.81337 29006.0863 106.49949000000001 39488.75150608508
 152719.37019 31412.8242 123.34624 39264.65869345151
 151782.32715 59409.6808 145.50191 39046.90179515444
 150888.65271 130307.25 172.4759 38833.19632195802
 150056.67345 266831.496 203.59267 38622.65108091693
 149312.79283 496968.667 238.12233999999997 38415.463147594084
 148702.06966 843503.409 273.34498 38217.115686230405
 148689.45135 853300.0869999999 274.22865 38212.542089397786
 148222.46925 1371846.99 315.1402 38015.0734821047
 147947.95185 2090498.4300000001 356.54269 37824.04075090546
 147898.96622 3047145.98 399.37158 37639.7308213169
 148102.2143 4277693.550000001 443.39243 37461.25197399501
 148574.9332 5814146.03 488.52639 37286.094031898865
 149322.24639 7683003.38 534.85994 37109.76044136504
 150335.17234 9904196.6 582.5559099999999 36925.499862776414
 151589.47046 12490797.0 631.6035800000001 36724.16061008257
 153045.46963 15449711.200000001 681.57609 36494.187719613975
 154648.9849 18783544.400000002 731.78979 36221.77556745327
 156333.384885 22493771.700000002 781.83624 35891.18445886667
 158022.82852 26585309.9 831.90504 35485.22237576767
 159636.64743 31072531.8 882.68463 34985.88797831418
 161094.81120999998 35986709.7 935.1396199999999 34375.16530042967
 162324.37867 41384826.800000004 990.37759 33635.95594673026
 163266.81085 47359654.199999995 1049.6046999999998 32753.130981036152
 163886.00045 54050950.1 1114.1148 31714.68165253189
 164176.85985 61657617.5 1117.1878 30512.946808989276
 170755.1778 116.455049 129.21022 56431.30641566547
 170732.6702 1162.48082 129.09565 51647.362890936805
 170507.5335 11418.983100000001 127.94969999999999 46854.535851638385
 170447.393 14095.9654 127.64475999999999 46404.423232815373
 170372.7937 17380.2256 127.26846 45953.65094799258
 170280.2626 21398.5256 126.80330000000001 45502.05137508163
 170165.4969 26297.9968 126.22864 45049.412607420155
 170023.1703 32245.8114 125.51921999999999 44595.46640820177
 169846.6984 39426.1483 124.64413 44139.873158696755
 169627.9597 48032.551799999993 123.5656 43682.203592938523
 169356.9696 58252.8024 122.23755 43221.917318875894
 169021.51679999998 70242.0681 120.60404 42758.34001264681
 168606.785 84078.4104 118.59768 42290.64254097256
 168095.016 99693.0208 116.13933999999999 41817.830491256085
 167465.3267 116767.154 113.14163 41338.75833186479
 166693.8869 134592.40899999998 109.52314 40852.19223154033
 165754.81158 151910.273 105.24834 40356.95501674148
 164622.31115999998 166799.954 100.41804 39852.189465827694
 163274.77666 176792.943 95.42781000000001 39337.75277763381
 161701.14904 179517.08899999997 91.11796 38814.66894171064
 159907.91085 173979.236 85.64572600000001 38285.32344739652
 158005.97551 145658.206 109.98868 37756.8654171893
 156849.90441 136900.724 113.53782 37471.23690173842
 155758.4192283 130361.73 118.70290999999999 37210.13113879358
 154715.42358 130955.77300000002 128.35343 36966.09159194336
 153711.79495 146774.663 143.07741 36733.504400468555
 152746.75728 190036.00100000001 163.00354000000001 36508.39426539646
 151828.47321 277781.013 187.83341000000001 36288.252088278895
 150973.82642 432221.607 217.00909 36071.837544445254
 150207.42608 680668.116 249.84609999999997 35858.9317963656
 149573.11593 1044808.8099999999 283.70379 35654.750003628185
 149559.91633 1055008.69 284.55620999999996 35650.034587993824
 149065.71715 1590755.8900000001 324.17032 35446.01201447127
 148760.35747 2325722.3899999996 364.50482 35247.70990494159
 148677.58688 3298432.1700000003 406.37887 35055.552464573374
 148846.46777 4546412.94 449.47053999999997 34869.15021095297
 149288.65435 6104546.74 493.56282 34686.94159660817
 150016.05955 8003676.07 538.5496899999999 34505.893072242324
 151029.09557 10269671.799999999 584.41844 34321.280390185245
 152315.65042 12923165.5 631.1854599999999 34126.57139125297
 153850.93166 15980131.4 678.80274 33913.425913524835
 155598.273909 19453479.6 727.12663 33671.82495547701
 157510.96755 23355781.5 776.0296500000001 33390.33539552386
 159535.12732 27703212.599999997 825.5803900000001 33056.51216011693
 161613.58151 32520746.3 876.1402499999999 32657.434540309124
 163690.72712999998 37848591.9 928.3450399999999 32180.368940674012
 165718.26649 43749823.6 983.04131 31613.54655789027
 167661.715 50319110.3 1041.2342 30947.041143603513
 169507.5523 57692425.1 1104.0565 30173.7298765381
 171270.8751 66057589.400000005 1113.1841 29290.318533799127
 171933.1181 125.584971 134.17996 54318.82206713577
 171910.6637 1253.8226399999998 134.07499 49534.88922213251
 171686.2804 12336.7393 133.02516 44742.21325027877
 171626.4069 15235.784 132.74599 44292.15411235437
 171552.1757 18796.2903 132.40176 43841.455569654324
 171460.1561 23158.493599999997 131.97646 43389.9584342677
 171346.1064 28486.490400000002 131.45143000000001 42937.46302918445
 171204.7874 34968.8909 130.80381999999997 42483.71855654247
 171029.7383 42817.08089999999 130.00581 42028.41008190103
 170813.0101 52259.3036 129.02354 41571.14284615681
 170544.8547 63527.833 127.81597000000001 41111.42375129773
 170213.3744 76835.1984 126.33359999999999 40648.64117353021
 169804.14919999998 92333.7439 124.51759 40182.04525704618
 169299.8841 110051.06 122.3001 39710.73416772408
 168680.1619 129793.18699999999 119.60904 39233.65551582267
 167921.4654 151011.608 116.38377 38749.63805898412
 166997.761 172648.231 112.61622 38257.47494905218
 165882.1131 193024.147 108.44019 37756.07988233937
 164549.96512 209946.934 104.28205 37244.72098281232
 162984.50832 221342.11800000001 100.99925 36723.273122620834
 161182.7919 226558.201 99.775877 36192.23682085593
 159155.24301 227463.99599999998 116.37398 35651.65513323337
 157975.96477 227927.86000000001 119.26351 35356.36303110701
 156858.42434 231722.21300000001 125.58427999999999 35086.01563809744
 155789.30011863 244141.484 136.06221 34833.444499294426
 154761.1463 273525.428 151.2433 34593.19177529126
 153773.90292 332142.426 171.28657 34361.30059599339
 152835.63552 436853.898 195.97661 34135.152885761533
 151962.50503 609470.426 224.8475 33913.29786788172
 151178.0092 876737.689 257.28938 33695.244895605035
 150525.22566999998 1259299.03 290.75968 33486.04711616103
 150511.577 1269925.02 291.60145 33481.21282731572
 149996.6324 1824028.61 330.71769 33271.83910101127
 149668.27455 2576642.13 370.59756 33067.86031645327
 149560.74303 3566587.02 412.02074 32869.78004575692
 149704.85081 4832429.33 454.65515 32677.54375937248
 150125.57189 6411037.6 498.25311999999996 32490.241279270965
 150839.96542 8336354.920000001 542.6529300000001 32305.85779213289
 151855.60502 10638566.0 587.77253 32121.092344368822
 153169.66049 13343837.2 633.58698 31931.261273887805
 154768.75184 16474793.299999999 680.09144 31730.300023070714
 156629.663819 20051871.900000002 727.2766 31510.873385819206
 158720.97433 24095665.400000002 775.15583 31264.600184565697
 161005.61519 28630322.900000002 823.84257 30982.393716691665
 163444.34911 33688044.7 873.62508 30654.91561694929
 166000.1154 39314664.5 924.99491 30273.136730495636
 168643.1694 45576271.699999995 978.63431 29828.99538585766
 171356.917 52566798.1 1035.3907 29316.140615988002
 174144.3315 60416460.0 1096.2556000000001 28730.746183719773
 177034.8242 69300933.5 1109.8233 28072.3794747568
 173175.0839 135.211173 139.22785 52416.95855357143
 173152.6409 1350.1292600000001 139.13201999999998 47633.027857142864
 172928.5591 13304.3133 138.17371 42840.40821428572
 172868.8214 16437.439700000002 137.91901000000001 42390.374375
 172794.7896 20289.117 137.60515 41939.712946428575
 172703.0637 25013.7549 137.21757000000002 41488.27046428571
 172589.4468 30793.280499999997 136.73935 41035.85555357143
 172448.7653 37838.807199999995 136.14992 40582.22957142858
 172274.6529 46390.2299 135.42425 40127.095160714285
 172059.29439999998 56712.071 134.53202 39670.08239285714
 171793.1267 69082.9992 133.43669 39210.7325
 171464.4996 83775.1768 132.09456 38748.47978571429
 171059.3086 101017.95800000001 130.45434 38282.632946428566
 170560.6284 120938.70999999999 128.45832 37812.35875
 169948.4137 143472.817 126.04803000000001 37336.67382142857
 169199.3922 168238.74 123.18136 36854.45239285714
 168287.389 194391.657 119.87486 36364.461410714284
 167184.485 220520.133 116.29217 35865.43219642857
 165863.5954 244759.605 112.88883 35356.16389285715
 164302.92502 265433.98000000003 110.54386 34835.60661071429
 162491.18899 282415.375 110.4878 34302.71531964286
 160426.89552 298523.07999999995 114.16345 33755.32300357143
 159200.81428 309206.83 119.44339 33451.45074642857
 158037.85688 324318.648 127.86404000000002 33172.76208571429
 156926.17429999998 349523.224 140.06307 32912.366428571425
 155859.2485423 393419.38 156.55112 32664.981096839284
 154837.352572 468359.597 177.49578 32426.713012857147
 153868.31356 591077.5800000001 202.73695999999998 32194.901296428575
 152967.57736999998 783044.215 231.88458 31967.96358392857
 152157.60966 1070496.27 264.40198999999995 31745.2186
 151480.9089 1473021.9400000001 297.84666 31531.612089285717
 151466.70522 1484112.51 298.68524 31526.675450000006
 150927.3096 2058346.46 337.58534000000003 31312.790696428575
 150573.98458 2830460.61 377.22236999999995 31104.201817857145
 150441.1693 3839341.8400000003 418.35657 30901.44992857143
 150560.90154 5124208.26 460.67125 30704.70820357143
 150960.66792 6723342.24 503.92245999999994 30513.53316428572
 151661.5477 8673000.84 547.9368900000001 30326.656214285714
 152676.8027 11006661.799999999 592.60614 30141.83216071429
 154011.04729 13754761.6 637.87502 29955.75889107143
 155660.107554 16945068.5 683.72527 29764.0801525
 157611.65038 20603815.7 730.16512 29561.480033928572
 159846.63191 24757690.900000002 777.24252 29341.874214285715
 162341.58309 29436745.5 825.08623 29098.6993875
 165071.71932 34678256.300000004 873.95337 28825.29901428572
 168014.8322 40531531.0 924.2584 28515.400017857144
 171155.8969 47063622.0 976.57779 28163.672392857144
 174492.3079 54365878.800000004 1031.6421 27766.361375000007
 178039.63999999998 62561247.2 1090.3283999999998 27321.979857142854
 181837.8234 71812205.6 1104.8607 26832.048339285716
 174577.199 146.078687 144.71524 50588.53272727273
 174554.7341 1458.85479 144.62875 45804.59836363637
 174330.5987 14396.6285 143.76381999999998 41011.969818181823
 174270.8958 17793.9936 143.53404 40561.9420661157
 174196.93469999998 21974.3343 143.25103000000001 40111.29294214876
 174105.3375 27108.0393 142.90169 39659.87274380165
 173991.9414 33397.1227 142.47089 39207.49601652893
 173851.6233 41078.0244 141.94023 38753.93279338843
 173678.09159999998 50422.6837 141.28743 38298.89859504132
 173463.6386 61736.331999999994 140.48562 37842.041966942146
 173198.8519 75349.5893 139.5026 37382.93011570248
 172872.2851 91601.2384 138.30028 36921.03241322315
 172470.0947 110806.477 136.83463 36455.70247933884
 171975.662 133203.763 135.05763000000001 35986.1598677686
 171369.2477 158872.661 132.92395000000001 35511.47388429753
 170627.771 187618.93699999997 130.40947 35030.551702479344
 169724.9013 218840.67099999997 127.55468 34542.133586776864
 168631.8038 251440.289 124.55265999999999 34044.79332231405
 167319.0684 283958.222 121.88915999999999 33536.93016528925
 165760.28722 315248.97 120.46955 33016.700879338844
 163936.35911 345934.87700000003 121.57581 32481.716249586777
 161834.43138 380168.31 126.65351 31927.8556661157
 160559.71425 402937.413 132.5538 31615.912471074378
 159349.22453 431308.244 141.46355 31329.286219834713
 158192.65232 471325.153 153.88532999999998 31061.36601983471
 157084.54697 531865.9519999999 170.29207 30807.062755371902
 156025.702006 625395.45 190.87101 30562.579736528925
 155023.917326 768551.364 215.52188999999998 30325.25630181818
 154094.13302 982492.5080000001 243.92623999999997 30093.42668099174
 153257.96373 1292959.84 275.61273 29866.2659553719
 152557.44224 1718401.2 308.25863 29648.640221487607
 152542.69587999998 1730027.11 309.07674000000002 29643.611947107438
 151979.83985 2327547.82 347.04159 29425.76214049587
 151603.35394 3122335.98 385.81556 29213.251676033058
 151447.6758 4153148.72 426.11782 29006.62276033058
 151545.70865 5459565.11 467.63878 28806.198603305783
 151926.91354 7080877.13 510.13381999999995 28611.87645289256
 152615.65583 9055123.19 553.42041 28422.95400495868
 153629.9431 11418401.1 597.37379 28238.003371900827
 154980.675484 14204594.9 641.92103 28054.8046585124
 156671.507135 17445641.8 687.03395 27870.349096694215
 158699.39225 21172444.6 732.72364 27680.91933553719
 161055.86111 25416515.9 779.04412 27482.250919008267
 163729.04327 30212409.900000002 826.11072 27269.776732231403
 166706.4271 35600967.900000005 874.12892 27038.952499173552
 169978.3193 41633374.4 923.42306 26785.659170247934
 173541.9462 48375991.9 974.45497 26506.675504132232
 177406.1178 55915914.300000004 1027.8331 26200.211950413227
 181596.366 64367162.00000001 1084.3184999999998 25866.49596694215
 186160.454 73877423.2 1100.8373 25508.397520661157
 176072.7859 157.670707 150.34786 48933.567059724344
 176050.2737 1574.82904 150.27039 44149.62506891271
 175825.8019 15561.7717 149.49555 39356.94335375191
 175766.0496 19240.9843 149.28976 38906.907810107193
 175692.04989999998 23771.8791 149.03642 38456.25263399693
 175600.4388 29341.874300000003 148.72379 38004.830352220524
 175487.0757 36174.3812 148.33841 37552.45903522205
 175346.8725 44532.7996 147.86393999999998 37098.91431852986
 175173.5908 54723.1475 147.28063999999997 36643.92018376723
 174959.6009 67093.8957 146.56483 36187.13765696784
 174695.602 82030.7586 145.68831 35728.151699846865
 174370.3004 99943.04599999999 144.61807 35266.45603369066
 173970.04869999998 121236.685 143.31677000000001 34801.43555895865
 173478.4594 146267.439 141.74521000000001 34332.34667687595
 172876.0191 175267.306 139.87012 33858.29471669219
 172139.7733 208241.103 137.68393 33378.20702909648
 171243.2234 244848.25000000002 135.24936000000002 32890.79713629402
 170156.72269999998 284336.853 132.78718 32394.509555895863
 168848.8439 325710.64400000002 130.81264000000001 31887.422266462483
 167289.1777 368462.94800000003 130.25937000000001 31367.054716692186
 165451.78367 414161.317 132.45937999999998 30829.928418070445
 163313.78408 468618.267 138.79003 30270.326199081162
 161991.79236 504832.217 145.25098 29951.31379173047
 160734.96479 547843.49 154.60050999999998 29657.677946401225
 159534.47239 604058.351 167.22535 29383.06757886677
 158385.9638 682630.36 183.56243 29122.58460949464
 157290.85669 796150.119 203.80664000000001 28872.54284686064
 156257.077323 961188.0970000001 227.90122 28630.30969724349
 155299.237518 1198629.26 255.58774 28394.17291240429
 154438.27184 1533755.8800000001 286.45607 28163.203696784072
 153715.8265 1983854.0000000002 318.30203 27942.207396630932
 153700.58853 1996057.4800000002 319.09969 27937.10348085758
 153116.8153 2618772.34 356.12928 27716.03189892802
 152720.24375 3438191.97 394.03646 27500.42020673813
 152545.09353 4492785.87 433.50833 27290.777830015314
 152624.72778 5822227.0 474.24807000000004 27087.502937212862
 152989.9559 7466417.0600000005 516.01715 26890.709035222054
 153667.55621 9464623.08 558.63233 26700.07955742726
 154679.14247 11854842.9 601.9615 26514.762307810102
 156040.483043 14673515.4 645.91917 26333.314018836135
 157761.36214 17955683.1 690.46182 26153.703528330785
 159846.04968999998 21735699.8 735.58385 25973.379888208266
 162294.42177 26048556.4 781.3177900000001 25789.409183767224
 165103.7476 30931873.9 827.74307 25598.681280245022
 168271.1347 36428587.6 875.00495 25398.18531546707
 171796.6002 42590318.5 923.3408 25185.350274119446
 175686.7172 49481407.7 973.10639 24958.445130168453
 179958.7664 57183560.5 1024.7981 24717.03113323124
 184645.313 65801036.199999995 1079.0727 24462.457794793263
 189799.1191 75466301.4 1097.5914 24198.393231240432
 177562.0841 169.213999 155.75452 47526.44326448932
 177539.5122 1690.31625 155.68520999999998 42742.49243840465
 177314.5483 16722.0465 154.9918 37949.738065328085
 177254.6956 20681.9299 154.80766000000002 37499.68773108159
 177180.5887 25561.9108 154.58105 37049.01674742141
 177088.8707 31566.358300000003 154.30148 36597.57873840354
 176975.4134 38939.9756 153.95693999999997 36145.193580851773
 176835.1502 47972.9777 153.53291 35691.64011267249
 176661.8761 59005.2571 153.0119 35236.647271530644
 176448.0132 72428.2283 152.37299000000001 34779.88373523435
 176184.3356 88682.26569999999 151.59146 34320.94559293632
 175859.6533 108246.56599999999 150.63871 33859.34190445774
 175460.4538 131616.861 149.48311 33394.477562687505
 174970.5065 159264.97199999997 148.09306 32925.63220334581
 174370.4471 191573.85199999998 146.44558999999998 32451.933264276172
 173637.3872 228746.258 144.54724 31972.317900302634
 172744.6586 270703.945 142.47969 31485.474564131054
 171661.9321 317048.066 140.48721 30989.74681603533
 170356.1355 367268.422 139.11031 30482.969225265416
 168793.61239999998 421551.85799999994 139.3072 29962.18082536691
 166942.855 482521.83 142.45044000000001 29423.079307994754
 164772.82465 557831.199 149.80887 28858.739890936332
 163408.12281 607914.079 156.73836 28533.967410387787
 162109.43747 665940.643 166.44965 28234.588102467092
 160869.24573 738636.995 179.23889 27954.47346981177
 159684.21379 835406.9450000001 195.51261 27688.895617945876
 158556.38715999998 968964.441 215.46701 27434.274887341925
 157493.89294 1155835.6900000001 239.07583 27188.018192049814
 156511.137967 1416677.3599999998 266.12813 26948.390159065656
 155628.51923 1776372.28 296.26669 26714.387930381322
 154887.345648 2251102.0900000003 327.39477999999996 26490.76792780006
 154871.692836 2263883.65 328.17414 26485.605855276346
 154270.47291 2911870.52 364.36794 26262.08656014367
 153857.45322999998 3756090.7199999997 401.50588999999996 26044.160778988742
 153666.46006 4834639.87 440.25266 25832.281989566086
 153730.95489 6187094.859999999 480.32762 25626.864860455913
 154082.50944 7853646.909999999 521.50208 25428.137363129946
 154749.47298 9874319.69 563.59642 25236.016887503104
 155755.9441004 12288373.6 606.47571 25050.020226064702
 157121.14545 15133996.2 650.045 24869.216504409094
 158859.28298 18448371.299999997 694.24467 24692.229998594473
 160979.95037 22268207.0 739.04571 24517.29861502943
 163489.11699 26630786.3 784.44759 24342.391129927153
 166390.7151 31575582.8 830.48204 24165.384404312113
 169688.8187 37146461.800000004 877.22639 23984.29949478196
 173390.3874 43394466.5 924.8281099999999 23797.59377325924
 177508.5271 50381165.300000004 973.53638 23604.504054293302
 182066.2089 58182519.0 1023.7358999999999 23405.43482521694
 187100.3713 66893209.49999999 1075.9806 23202.384079138624
 192666.3267 76631362.2 1092.1675 22999.398758455452
 180808.8056 194.378803 166.93534 45080.761937888193
 180786.0938 1942.08429 166.8816 40296.79264596273
 180559.8828 19251.6275 166.34362 35503.87239751552
 180499.7421 23823.441600000001 166.20073 35053.78386335404
 180425.3031 29464.5173 166.02497 34603.06878260869
 180333.2108 36416.1733 165.80817000000001 34151.58114285714
 180219.3453 44969.5144 165.54108 33699.14192546583
 180078.6579 55473.172 165.21252 33245.532422360243
 179904.977 68340.7944 164.80911 32790.4860621118
 179690.7795 84057.2293 164.315 32333.678894409935
 179426.92369999998 103181.664 163.71176 31874.718347826084
 179102.3396 126345.049 162.97876 31413.12965217391
 178703.67119999998 154237.942 162.09463 30948.338695652168
 178214.8662 187583.867 161.04138 30479.649167701856
 177616.7123 227093.632 159.81453000000001 30006.2089689441
 176886.331 273401.865 158.44598 29526.956819875773
 175996.6881 327008.499 157.05151 29040.532472049686
 174916.2862 388306.882 155.91799 28545.123453416144
 173609.3796 457907.178 155.63233000000002 28038.20708074534
 172037.117 537647.605 157.19849 27516.127813664592
 170159.1305 632730.918 162.0541 26973.398658385092
 167931.597 755262.203 171.18702 26401.384745341612
 166486.9388 836882.671 178.95164 26067.364310559005
 165110.20543 928832.778 189.28438 25758.71228944099
 163796.17121 1038416.5399999999 202.3524 25469.68169068323
 162543.38793 1175503.6199999998 218.51455 25195.846413664592
 161355.14174 1353055.5899999998 237.96531000000001 24933.827160248445
 160240.04544 1587548.47 260.72308 24681.120539130432
 159212.2351 1899251.73 286.65346000000005 24435.973440993784
 158291.17461 2312334.44 315.49126 24197.27239875776
 157517.46584 2840739.1100000003 345.337 23969.682240993784
 157501.10025 2854783.26 346.08368 23964.43321118012
 156870.15951 3558132.84 380.78289 23737.284932919254
 156429.31763 4457025.91 416.55775 23515.94841366459
 156211.118481 5588636.66 454.03879 23300.71253180124
 156248.395521 6992005.85 492.98079 23091.914114409937
 156573.032059 8707347.53 533.17773 22889.828417267075
 157214.86852 10775396.0 574.4603900000001 22694.577368944097
 158200.84818 13236865.4 616.69162 22506.06309068323
 159554.48228 16132092.899999999 659.76079 22323.932792546584
 161295.70149 19500934.5 703.57749 22147.580793788816
 163441.14421 23382968.9 748.06415 21976.191516770184
 166004.91389999998 27818058.2 793.14859 21808.82594534161
 168999.8196 32847295.200000002 838.75875 21644.552622360242
 172439.09399999998 38514354.5 884.82406 21482.62228086956
 176338.56949999998 44867245.9 931.2909099999999 21322.68416770186
 180719.27360000001 51960455.8 978.15667 21165.040372670806
 185610.3968 59857446.9 1025.5239000000001 21010.93382608695
 191052.573 68633474.9 1073.6722 20862.864409937887
 197101.4104 78378674.4 1093.3614 20724.927540372667
 185146.122 227.99663800000001 180.7962 42724.52308479247
 185123.2513 2278.42598 180.75985 37940.53541907949
 184895.5517 22631.1958 180.39435 33147.444114405625
 184835.0435 28020.626 180.29692 32697.313279561287
 184760.1654 34678.6426 180.17701 32246.547740604437
 184667.55359999998 42895.941000000006 180.02892 31795.000410637003
 184553.0809 53025.626899999995 179.84623 31342.491540318977
 184411.6948 65494.371300000006 179.62124 30888.80195026127
 184237.2259 80814.3229 179.34478000000001 30433.66523609795
 184022.1628 99595.0519 179.00621 29976.75908391996
 183757.388 122554.25499999999 178.59368 29517.69366261092
 183431.8705 150525.209 178.09508 29055.998819407352
 183032.3051 184458.109 177.50053 28591.10645658369
 182542.6874 225411.982 176.80814 28122.32597107523
 181943.8093 274535.392 176.03651000000002 27648.805978840933
 181212.6624 333042.312 175.25054 27169.47044093751
 180321.7706 402215.68200000002 174.6108 26682.90835893687
 179238.5571 483539.13300000003 174.45767 26187.18292628674
 177925.0228 579200.7440000001 175.42588 25679.51140672504
 176338.1092 693426.779 178.53744 25155.7524695054
 174430.4674 835219.372 185.21115 24609.612504767173
 172148.82929999998 1023149.28 195.99818 24031.36378155331
 170619.5276 1148862.55 204.54935 23689.677676506144
 169161.0655 1287924.04 215.44764999999998 23373.28674755468
 167770.2936 1448214.26 228.73668 23076.792700075555
 166447.585 1640086.39 244.69863 22796.052561727552
 165197.47742 1876782.97 263.50793 22527.882191359025
 164029.09084 2174772.05 285.22282 22269.873303669217
 162956.26812 2553976.4499999997 309.79585 22020.266157703066
 161997.42471 3037876.54 337.07736 21777.847260074144
 161192.17691 3637744.58 365.40043 21547.172142385432
 161175.12305 3653475.27 366.10926 21541.855878785987
 160515.40913 4431124.37 399.11168000000003 21311.892247366584
 160046.96442 5404220.67 433.38556 21087.825151551372
 159800.13895 6608792.39 469.54137000000002 20869.70029439991
 159805.93865 8083004.05 507.37035 20657.652459321685
 160095.04352 9866616.59 546.6795 20451.82597957181
 160696.93245 12000444.5 587.29274 20252.308430528413
 161639.18612 14525854.4 629.05031 20059.082282076735
 162947.03128 17484350.5 671.80731 19871.999181702034
 164643.17921 20917287.400000002 715.43141 19690.780522163673
 166747.9984 24865748.1 759.79917 19515.047221084681
 169280.0474 29370616.400000002 804.7908299999999 19344.3804440746
 172256.9799 34472863.1 850.28343 19178.41403181471
 175696.819 40214058.1 896.14248 19016.958059195156
 179619.585 46637109.0 942.2148900000001 18860.152102023275
 184049.2499 53787216.5 988.32661 18708.645818811066
 189015.9811 61713030.6 1034.2914 18563.80359940216
 194558.6292 70467982.4 1079.939 18427.92947193828
 200727.4121 80111762.5 1111.8102999999998 18304.508197009952
 190000.4362 265.621609 195.14517 40863.46601818182
 189977.4524 2654.8609500000002 195.1249 36079.46721818182
 189748.4526 26413.6802 194.91897 31286.256327272727
 189687.5468 32718.1568 194.86351 30836.091072727274
 189612.1473 40514.2279 194.79499 30385.28120909091
 189518.8467 50147.7609 194.71000999999998 29933.67679090909
 189403.4569 62041.0767 194.60476 29481.09371818182
 189260.8414 76707.8555 194.47473000000002 29027.307127272732
 189084.7143 94769.8809 194.31471 28572.04293636364
 188867.4039 116975.247 194.11913 28114.968081818184
 188599.5763 144217.262 193.88286 27655.678299999995
 188269.9131 177552.811 193.60299 27193.68419090909
 187864.7412 218218.583 193.28276 26728.392109090906
 187367.6089 267644.048 192.93938999999997 26259.07917272727
 186758.8079 327463.477 192.61908 25784.85512727273
 186014.8492 399540.665 192.42441 25304.601081818182
 185107.9311 486051.601 192.56087 24816.86620909091
 184005.5048 589745.585 193.40586000000001 24319.689981818177
 182670.14179999998 714657.734 195.58837 23810.30039090909
 181059.9161 867779.555 200.037 23284.61958181818
 179128.95 1062399.7 207.98686999999998 22736.484981818182
 176826.3184 1324201.21 219.79048 22156.447981818182
 175276.2723 1501784.58 228.83673 21814.86972727273
 173796.5933 1696601.61 240.05043 21497.93249090909
 172385.3246 1916687.9200000001 253.38602999999997 21200.492218181814
 171044.0993 2172456.6300000003 269.01842999999996 20918.65357272727
 169778.5236 2477095.61 287.08991000000003 20649.44500909091
 168598.4196 2846892.9499999997 307.69851 20390.61520909091
 167517.8595 3301466.1 330.89142 20140.493018181816
 166554.9712 3863875.9499999997 356.64504000000005 19897.88008181818
 165748.57668 4543006.930000001 383.5063 19667.271961818183
 165731.52045 4560614.09 384.18023 19661.959504545455
 165072.29955 5421460.65 415.67431 19432.21215
 164604.36531 6479218.97 448.67314000000004 19208.337355454543
 164356.18134 7769342.97 483.7844 18990.17753090909
 164356.72548 9329481.15 520.81641 18777.64815272727
 164634.62696999998 11198968.2 559.5645000000001 18570.675897272725
 165217.39717 13418300.100000001 599.8201600000001 18369.147842727274
 166130.8139 16028632.3 641.38005 18172.87502727273
 167398.5126 19071338.4 684.05472 17981.573363636362
 169041.8288 22587667.700000002 727.67741 17794.86441818182
 171079.9255 26618534.1 772.1120900000001 17612.297927272727
 173530.2272 31204461.6 817.26135 17433.397145454542
 176409.1696 36385706.5 863.07438 17257.72747272727
 179733.2636 42202566.300000004 909.55501 17084.987876363637
 183520.4586 48695876.7 956.7713 16915.123816363637
 187791.7831 55907690.599999994 1004.8682 16748.460087272727
 192573.2296 63882125.2 1054.087 16585.850927272727
 197897.8467 72666355.39999999 1104.7997 16428.844772727272
 203807.9963 82311730.2 1150.5033 16279.860590909091
 195364.3229 307.19613400000002 209.86245 39399.94695438443
 195341.296 3070.81236 209.85712 34615.94461811975
 195111.4917 30593.4092 209.8017 29822.674713975244
 195050.2602 37909.1032 209.78649 29372.486859611672
 194974.3947 46962.8854 209.76765 28921.645230338253
 194880.4229 58161.6399 209.74426 28469.995496916017
 194764.0622 72004.2613 209.71539 28017.347540312013
 194620.0384 89100.73819999999 209.68014 27563.467646018387
 194441.8676 110194.295 209.63794 27108.06890613042
 194221.5967 136186.626 209.58908000000002 26650.799546198297
 193949.4994 168166.062 209.53606 26191.229326205913
 193613.7248 207438.33000000001 209.48594 25728.832687217367
 193199.9044 255559.81499999997 209.45503 25262.967527471082
 192690.72950000001 314374.70399999996 209.47732 24792.849136278997
 192065.5295 386062.608 209.61951000000001 24317.513665326263
 191299.9103 473217.449 210.00604 23835.766515276282
 190365.5538 579013.468 210.85764 23346.10140980345
 189230.335 707592.003 212.54298 22846.56716448884
 187858.936 864955.464 215.63238 22334.54006435937
 186213.9907 1060904.0499999998 220.93284 21806.33266013724
 184257.2058 1312878.84 229.53716 21256.52923988436
 181949.1574 1653308.4700000002 242.11911999999998 20676.90168830512
 180447.5675 1887906.42 251.64196 20341.486711657467
 179012.9115 2144813.79 263.18436 20029.84632209912
 177643.6204 2431908.97 276.67943 19736.94833939365
 176341.6858 2759272.33 292.22873 19459.036989007538
 175113.0122 3139643.5500000002 309.95125 19193.283202886752
 173967.6225 3588813.57 329.96638 18937.561603369562
 172919.65529999998 4125917.6999999997 352.37614 18690.296315440315
 171987.14119999998 4773603.55 377.23204 18450.344864103251
 171208.01499999998 5538422.51 403.21836 18222.16102313313
 171191.5637 5558056.609999999 403.87089 18216.902934069792
 170557.23739999998 6508877.37 434.42310000000003 17989.421455032694
 170110.5416 7658815.95 466.61212 17767.531398292707
 169879.0657 9043381.959999999 501.04371999999995 17550.975184238832
 169890.723 10700358.4 537.54733 17339.54503869267
 170172.8957 12669257.5 575.92499 17133.029602993945
 170751.6713 14990763.799999999 615.96547 16931.17084161072
 171651.2284 17706212.0 657.45915 16733.633228172282
 172893.42309999998 20857151.2 700.21321 16539.987324454516
 174497.6166 24485040.0 744.0668099999999 16349.709198687658
 176480.7777 28631117.7 788.90596 16162.197027367156
 178857.8796 33336483.799999997 834.67846 15976.805533006245
 181642.5997 38642411.4 881.4096999999999 15792.898210665942
 184848.321 44590910.900000005 929.21965 15609.917075998514
 188489.4198 51225545.400000005 978.34374 15427.468663728261
 192582.8187 58592492.199999995 1029.1605 15245.424951254583
 197149.7733 66741833.599999994 1082.2323000000001 15064.037268141208
 202217.857 75729053.1 1138.3725 14884.06101014567
 207823.10249999997 85616704.2 1173.4987999999998 14706.888803507647
 209131.61719999997 413.903684 243.60002 37171.8729827905
 209108.7891 4138.41593 243.62466999999998 32387.88347225659
 208880.4381 41322.0056 243.87215 27594.7091444684
 208819.4351 51233.8135 243.93859 27144.536943912957
 208743.7628 63516.997299999995 244.02125999999998 26693.70924215793
 208649.8948 78735.60680000001 244.12431 26242.068256372062
 208533.4599 97586.10620000001 244.25299 25789.418467466402
 208389.0424 120927.56199999999 244.4142 25335.5171860299
 208209.93959999998 149818.298 244.61703 24880.0636130154
 207987.8679 185560.271 244.87383 24422.68478490894
 207712.6141 229752.755 245.20182 23962.918613417266
 207371.6313 284357.533 245.62575 23500.192934493683
 206949.58980000001 351779.23600000003 246.18234999999998 23033.80029832414
 206427.9126 434967.802 246.92762 22562.86684333241
 205784.36 537557.826 247.94867000000002 22086.314991660685
 204992.779 664077.294 249.38239000000001 21602.81714815829
 204023.2061 820296.777 251.44365000000001 21110.73699564687
 202842.5808 1013870.94 254.4653 20608.047610508427
 201416.3285 1255585.0799999998 258.95270999999996 20092.20316057611
 199710.8871 1561828.8800000001 265.66211 19559.910527263036
 197696.7556 1959528.89 275.7458 19006.692526466023
 195351.3517 2496201.83 290.74728999999996 18426.05941451251
 193951.8984 2870022.77 301.9285 18099.97139792368
 192614.5721 3278614.18 314.86465000000004 17796.91865953158
 191339.1497 3730058.9299999997 329.47336 17511.919284035142
 190127.9687 4234196.12 345.83435000000002 17241.28427219991
 188986.5645 4803146.6 364.05854 16982.246555172092
 187924.0654 5451804.55 384.27164000000004 16732.721904831072
 186953.3412 6198250.39 406.59612 16491.14595843047
 186090.9094 7064047.17 431.11986 16256.354055338486
 185371.7836 8049524.87 456.67906000000004 16032.648665686072
 185356.6205 8074393.5200000004 457.3171 16027.487923230685
 184773.1521 9258118.549999999 487.08447 15803.918770336622
 184365.3533 10647518.5 518.50441 15585.181556206862
 184159.4887 12278049.7 552.15287 15370.917920582377
 184182.4344 14187904.7 587.93136 15160.826580169036
 184460.8852 16417512.4 625.71427 14954.621356677508
 185020.62589999998 19009010.1 665.36054 14751.997180352428
 185885.9217 22005742.0 706.72625 14552.604949970171
 187079.07319999998 25451841.900000002 749.67721 14356.035966924275
 188620.1771 29391953.9 794.1011 14161.816701857615
 190527.1211 33871144.1 839.9182400000001 13969.41430224236
 192815.8349 38935043.5 887.0909 13778.2530859484
 195500.8067 44630257.0 935.63103 13587.741939119958
 198595.8634 51005058.7 985.60558 13397.31211077629
 202115.2065 58110382.3 1037.1402999999997 13206.464820706336
 206074.684 66001102.9 1090.4212 13014.827642151808
 210493.2718 74737596.6 1145.6949 12822.218481333366
 215394.7345 84387551.89999999 1203.2682 12628.715865022845
 220809.4303 95028001.8 1234.0348999999998 12434.734121343563
 227680.6972 557.673365 282.75998000000004 35757.63423027931
 227658.54489999997 5576.80766 282.81362 30973.6781961078
 227436.8908 55775.4655 283.35137 26180.83539461568
 227377.6568 69184.4496 283.49544 25730.750745632176
 227304.1668 85817.8395 283.67449 25280.03101762995
 227212.98690000001 106451.426 283.89712000000002 24828.523009595737
 227099.8566 132047.926 284.17416000000002 24376.036730448486
 226959.4915 163802.224 284.51934 23922.335902733022
 226785.3406 203197.75 284.95014000000003 23467.127236513842
 226569.292 252076.937 285.48909 23010.04616975967
 226301.3179 312729.737 286.16560000000004 22550.639677127666
 225969.05680000002 388005.818 287.01882 22088.34471382435
 225557.336 481459.032 288.10193 21622.461259606097
 225047.65720000001 597538.3470000001 289.48917 21152.118914991096
 224417.69449999998 741850.746 291.28695999999996 20676.23511404724
 223640.9087 921544.914 293.65204 20193.462134742905
 222686.4548 1145913.08 296.82044 19702.118269129678
 221519.6573 1427408.48 301.15309 19200.094042445667
 220103.40970000001 1783478.98 307.20561000000003 18684.714834949198
 218400.8491 2240022.18 315.8326 18152.520020264157
 216379.4987 2838087.5 328.34738000000004 17598.881922299056
 214017.1732 3647279.6399999996 346.46289 17017.3319542312
 212607.3728 4208854.21 359.54612000000003 16690.686063011664
 211263.0342 4818510.28 374.1328 16387.247048635243
 209985.8418 5485355.7 390.18714 16102.129115617652
 208779.2976 6220059.71 407.80993 15831.701713024107
 207649.2771 7035294.38 427.11421 15573.214181377713
 206604.41019999998 7946173.69 448.21639000000004 15324.556543603963
 205656.2783 8970655.290000001 471.2268 15084.098292997582
 204819.4291 10129873.4 496.22866999999996 14850.57428165628
 204125.8032 11416318.3 522.1458799999999 14628.131385906061
 204111.2204 11448376.700000001 522.78776 14622.999318677912
 203551.5113 12954254.0 552.54848 14400.601189373181
 203162.2294 14679137.2 583.90915 14182.766318899055
 202966.8464 16658083.399999999 617.4065899999999 13968.994460197839
 202989.79979999997 18929345.1 653.0085 13758.860531230304
 203255.9011 21534047.3 690.66151 13551.982839373337
 203789.7698 24515796.3 730.29575 13347.997143036455
 204615.3321 27920252.0 771.82935 13146.537377580844
 205755.41879999998 31794696.3 815.17253 12947.221837392552
 207231.4921 36187632.6 860.2312 12749.646420644029
 209063.5249 41148449.3 906.9089799999999 12553.38414863295
 211270.0491 46727177.1 955.10801 12357.99135375381
 213868.38270000001 52974363.599999994 1004.7280000000001 12163.020341239744
 216875.037 59941084.4 1055.6631 11968.038212894226
 220306.3002 67679101.1 1107.7972 11772.651445766307
 224178.985 76241169.0 1160.9977000000001 11576.53566283285
 228511.3255 85681493.0 1215.1083 11379.469868200493
 233324.00209999998 96056320.5 1269.9423000000001 11181.374432331007
 238641.272 107424657.0 1297.1993 10982.351978554994
 252672.3913 751.3775959999999 328.21404 34947.43264502688
 252651.4565 7514.74878 328.29585 30163.521665933545
 252441.90279999998 75244.8829 329.11539 25371.1267113623
 252385.8772 93363.516 329.3348 24921.1607869567
 252316.3527 115854.709 329.60736 24470.587776829132
 252230.06949999998 143778.935 329.94606 24019.261001299048
 252122.97879999998 178456.737 330.36717 23566.99816977261
 251990.05099999997 221534.105 330.89117 23113.572548721982
 251825.04009999998 275065.23000000003 331.54389000000003 22658.702014864833
 251620.194 341617.83900000003 332.35821999999996 22202.035373245795
 251365.9014 424408.309 333.37631 21743.134934243582
 251050.2698 527476.863 334.65288999999995 21281.454947756184
 250658.63199999998 655918.2390000001 336.26014999999995 20816.3139147516
 250172.9946 816192.148 338.29514 20346.860020898464
 249571.4667 1016554.23 340.89129 19872.02642044364
 248827.75559999997 1267679.7999999998 344.23669 19390.473985562552
 247910.8923 1583615.36 348.60297 18900.515568888808
 246785.4673 1983318.55 354.39069 18400.013406801772
 245412.79739999998 2493301.91 362.19966 17886.232748288235
 243753.5919 3152407.73 372.93530000000004 17355.621125131692
 241772.82559999998 4020787.8799999994 387.97011 16803.45481396457
 239448.016 5197422.9399999994 409.07726 16223.25431590931
 238058.9841 6011555.43 423.96648999999996 15897.354007581152
 236735.9933 6890905.0200000004 440.27208 15594.684681014955
 235482.6575 7845744.829999999 457.93471 15310.43284955822
 234303.85210000001 8887780.16 477.02591 15041.019179324392
 233206.1935 10030522.3 497.63007999999996 14783.720476777162
 232198.3956 11289683.8 519.84071 14536.429395415333
 231291.49349999998 12683567.5 543.75511 14297.494337720158
 230498.9332 14233423.4 569.45794 14065.608177479291
 229850.0647 15922058.799999999 595.94205 13844.820338346484
 229836.5308 15963748.7 596.5934699999999 13839.727048906198
 229322.3126 17902509.7 626.62862 13619.009187789183
 228976.2535 20081272.0 658.20651 13402.767056025294
 228819.9332 22535227.5 691.8386800000001 13190.428555293467
 228876.13799999997 25303114.9 727.53997 12981.505941426976
 229168.4315 28427037.1 765.3025 12775.570070780934
 229720.7259 31952182.3 805.09592 12572.229647554741
 230556.8769 35926461.2 846.8680800000001 12371.115472069549
 231700.3298 40400077.800000004 890.54603 12171.868520111428
 233173.838 45425050.0 936.03717 11974.132856102528
 234999.2707 51054701.199999995 983.2299 11777.552441617596
 237197.5251 57343141.4 1031.9940000000001 11581.772073866523
 239788.5501 64344755.8 1082.1802 11386.442518422557
 242791.4864 72113715.30000001 1133.6194 11191.229190185912
 246224.92070000001 80703523.0 1186.1206 10995.824234739634
 250107.2506 90166604.2 1239.4681999999997 10799.961984385875
 254457.1494 100553945.0 1293.4198999999998 10603.43676681653
 259294.12 111914784.0 1347.7030000000002 10406.123204619402
 264639.123 124296348.0 1370.4061000000001 10207.998121775016
 286344.373 1012.3597 380.97398999999995 34585.5536689946
 286325.25399999995 10125.7204 381.08347 29801.692633003687
 286133.777 101469.889 382.17988 25009.79572602205
 286082.554 125930.40299999999 382.47335999999995 24559.96211425681
 286018.972 156308.52500000002 382.83794 24109.552821443638
 285940.03599999996 194047.299 383.29091 23658.428489496825
 285842.022 240947.86800000001 383.85395 23206.415696081054
 285720.296 299261.738 384.55429000000003 22753.298653239595
 285569.091 371808.697 385.42614 22298.80840129833
 285381.228 462128.61000000004 386.51281 21842.609521900027
 285147.78 574678.603 387.8694 21384.283153588556
 284857.654 715092.1849999999 389.56669999999996 20923.305475034965
 284497.097 890524.9469999999 391.69669 20459.020153070854
 284049.132 1110124.95 394.38068 19990.603133421947
 283492.93799999996 1385689.56 397.78165 19517.016887745354
 282803.26 1732613.88 402.12316 19036.950419520435
 281949.991 2171318.0100000002 407.71886 18548.739780799653
 280898.194 2729501.61 415.01856999999995 18050.25924790407
 279609.052 3445893.35 424.67925 17538.769081898695
 278042.45999999996 4376804.36 437.67273 17010.692608135352
 276162.415 5608096.3100000005 455.44707 16461.277052736313
 273947.197 7277920.55 479.85364000000004 15884.062278656176
 272622.564 8430609.82 496.76086000000003 15559.91413089677
 271362.833 9670883.97 515.01351 15258.965717064084
 270173.527 11010367.3 534.5335100000001 14976.45658212606
 269061.038 12462025.4 555.36898 14708.84948295037
 268033.043 14040485.2 577.5801200000001 14453.450505128334
 267098.836 15762393.5 601.23846 14208.16806079419
 266269.563 17646793.7 626.42455 13971.353230345832
 265558.36699999996 19715497.3 653.2149000000001 13741.689912396076
 264992.009 21938920.7 680.63381 13523.155942997964
 264980.431 21993428.1 681.30369 13518.116080013533
 264552.93 24508915.700000002 712.0077500000001 13299.765647265767
 264294.898 27293919.400000002 744.1482900000001 13085.92414752754
 264227.026 30384164.599999997 778.20623 12875.994215995372
 264371.402 33819178.2 814.2240400000001 12669.467966157357
 264751.211 37642213.3 852.2226 12465.905067492478
 265390.41599999996 41900058.2 892.19834 12264.915140837362
 266313.434 46642727.4 934.121 12066.143970475743
 267544.827 51923039.0 977.93197 11869.263246696311
 269109.024 57796083.300000004 1023.5434000000001 11673.963194747139
 271030.083 64318591.199999995 1070.8374000000001 11479.948257168147
 273331.507 71548216.2 1119.6657 11286.935471684003
 276036.12899999995 79542739.4 1169.8500000000001 11094.655425384772
 279166.054 88359213.19999999 1221.1809 10902.85559435824
 282742.67699999996 98053055.9 1273.4185 10711.305806374201
 286786.76 108677110.0 1326.2917 10519.805468802973
 291318.587 120280677.0 1379.4979999999998 10328.192919585888
 296358.159 132908535.0 1432.7031 10136.355541550303
 301925.454 146599950.0 1447.8333 9944.241355704655
 331711.519 1363.98675 442.21426 34556.42400604351
 331694.886 13643.455199999999 442.35122 29772.61392681889
 331528.201 136794.049 443.72262 24981.224621660465
 331483.579 169794.066 444.08968999999996 24531.526361632306
 331428.172 210790.667 444.54577 24081.284467131554
 331359.358 261740.90200000003 445.11241 23630.36735400578
 331273.86899999994 325091.254 445.81673 23178.61100239651
 331167.632 403905.727 446.69271 22725.81107797879
 331035.567 502030.58300000004 447.78305 22271.712698425057
 330871.332 624307.891 449.14158 21815.99752640207
 330667.011 776855.117 450.83663 21358.267374667073
 330412.73 967435.617 452.95545 20898.023296368675
 330096.185 1205956.96 455.61055 20434.63856709518
 329702.099 1505153.79 458.94875 19967.323770457416
 329211.609 1881545.3900000001 463.16455 19495.08122521354
 328601.652 2356817.79 468.52011999999996 19016.644451601507
 327844.501 2959889.29 475.37602 18530.397577816202
 326907.696 3730126.4 484.23822 18034.264736376488
 325754.93 4722581.069999999 495.82998 17525.55613616217
 324348.73899999994 6016919.79 511.19982 17000.74717383949
 322656.56799999997 7733318.31 531.8805100000001 16455.152961380757
 320663.001 10061894.9 559.80553 15882.438957661094
 319475.5 11666223.4 578.8715 15561.072108227074
 318353.071 13387291.0 599.21338 15262.906774272808
 317303.145 15238293.4 620.73455 14983.221843177516
 316333.772 17233684.0 643.46135 14718.514223279293
 315453.982 19389449.1 667.4309400000001 14466.117742034288
 314674.09400000004 21723434.6 692.69233 14223.961737254785
 314005.958 24255708.5 719.30592 13990.41155204611
 313463.14099999994 27008939.2 747.33315 13764.159436105392
 313068.50800000003 29937368.400000002 775.80735 13549.104012575339
 313061.025 30008767.9 776.49848 13544.147085997858
 312816.849 33284152.3 807.9853 13329.509289888081
 312749.672 36867657.6 840.7472799999999 13119.531665514705
 312880.28 40795671.6 875.22861 12913.61824218951
 313231.025 45108524.300000004 911.48337 12711.266177943555
 313825.636 49850491.300000004 949.5468099999999 12512.04584131252
 314688.979 55069667.4 989.43063 12315.58507152083
 315846.802 60817698.3 1031.1186 12121.556714105547
 317325.45999999996 67149362.1 1074.5629999999998 11929.66907787839
 319151.646 74121999.60000001 1119.6819 11739.658746663392
 321352.127 81794792.1 1166.3573000000001 11551.285763515192
 323953.49199999996 90227894.5 1214.434 11364.330532330114
 326981.931 99481429.7 1263.7187000000001 11178.592667015962
 330463.042 109614359.0 1313.9808 10993.89134559362
 334421.668 120683240.0 1364.952 10810.06720464059
 338881.772 132740887.0 1416.3277 10626.98526062914
 343866.346 145834956.0 1467.7674 10444.539159145434
 349397.36199999996 160006461.0 1518.8956 10262.656220837243
 355495.739 175288240.0 1525.1334000000001 10081.303053924235
 392835.851 1837.7417799999998 513.29804 34774.26436216083
 392822.488 18382.8636 513.46256 29990.503964209125
 392688.489 184374.48 515.10977 25199.611920274517
 392652.592 228873.152 515.55066 24750.046219835112
 392608.003 284165.79699999996 516.09852 24299.968917826143
 392552.603 352900.03900000004 516.77922 23849.255714462196
 392483.745 438388.834 517.62531 23397.75237498466
 392398.124 544786.2930000001 518.67761 22945.265925257892
 392291.608 677314.648 519.98731 22491.555991915247
 392159.03 842559.757 521.6189300000001 22036.32208196661
 391993.921 1048859.8499999998 523.6541500000001 21579.18798454856
 391788.186 1306823.26 526.19695 21119.681744190776
 391531.707 1630028.3 529.38077 20657.20981266318
 391211.87899999995 2035986.44 533.3786 20191.023092886945
 390813.093 2547496.59 538.41744 19720.17335056491
 390316.239 3194599.67 544.79967 19243.453593912327
 389698.36199999996 4017487.29 552.935 18759.320095548544
 388932.79099999996 5070988.44 563.38861 18265.783966920356
 387990.323 6431769.92 576.95344 17760.262048494892
 386842.556 8210381.629999999 594.75695 17239.365262403232
 385469.363 10572237.0 618.41455 16698.59461082965
 383874.20700000005 13775548.6 649.92939 16131.898261933144
 382943.426 15978302.400000002 671.1851300000001 15814.405649977822
 382083.87600000004 18335166.7 693.63436 15520.205548401284
 381304.928 20861107.3 717.16028 15244.606537170004
 380616.435 23572237.0 741.76712 14984.133071284488
 380029.047 26486048.2 767.46849 14736.14367189188
 379554.504 29621708.3 794.28944 14498.5893045337
 379205.877 33000402.8 822.2672399999999 14269.853822322213
 378997.78599999996 36645711.6 851.44322 14048.645382672967
 378945.831 40490661.6 880.85197 13838.753125054165
 378946.539 40583994.300000004 881.56123 13833.919612454845
 379070.243 44844763.9 913.67404 13624.824297936508
 379388.833 49461020.5 946.84477 13420.658174919878
 379924.06200000003 54469518.6 981.47326 13220.839797944976
 380699.43 59910942.1 1017.6134999999999 13024.883545004126
 381740.058 65829961.4 1055.3043 12832.380839193987
 383072.523 72275148.4 1094.5636000000001 12642.985417765218
 384724.653 79298732.8 1135.3829 12456.40170242479
 386725.28099999995 86956182.1 1177.7222000000001 12272.375679550501
 389103.98699999996 95305597.19999999 1221.5061 12090.687935513286
 391890.81200000003 104406918.0 1266.6207 11911.148426598493
 395115.961 114320940.0 1312.9112 11733.592707567204
 398809.50899999996 125108147.0 1360.1811 11557.879684562125
 403001.10199999995 136827372.0 1408.1912 11383.890327299247
 407719.66500000003 149534301.0 1456.6607000000001 11211.527511377033
 412993.127 163279828.0 1505.2672 11040.71674102599
 418848.154 178108303.0 1553.6484 10871.407568326018
 425309.90299999993 194055662.0 1601.4029 10703.5756694688
 432401.79099999996 211147494.0 1598.7002 10537.22535466997
 475190.24199999996 2476.04265 595.80764 35175.4085826202
 475181.122 24768.2258 596.00003 30391.696133556175
 475089.63800000003 248464.15700000003 597.92588 25601.284090751043
 475065.12 308446.278 598.44132 25151.84678800095
 475034.659 382986.51800000004 599.0818300000001 24701.928909970447
 474996.804 475660.31299999996 599.87762 24251.413894745812
 474949.74 590944.0109999999 600.86673 23800.156466642547
 474891.20200000004 734454.2409999999 602.09679 23347.975750362322
 474818.356 913257.543 603.62755 22894.64582002696
 474727.65599999995 1136274.48 605.5342 22439.884453601815
 474614.66599999996 1414812.63 607.91174 21983.338424890887
 474473.843 1763278.4 610.8808300000001 21524.564611358237
 474298.28 2200141.73 614.59575 21063.005347491147
 474079.424 2749266.67 619.25544 20597.95738973956
 473806.799 3441784.23 625.11911 20128.53000650488
 473467.82700000004 4318793.21 632.52882 19653.58978410853
 473047.92799999995 5435365.529999999 641.94253 19171.686794168163
 472531.28799999994 6866680.140000001 653.98288 18680.953724773942
 471903.01800000004 8717756.4 669.5089800000001 18178.96786127332
 471154.10899999993 11139488.100000001 689.71987 17662.556751392643
 470291.73899999994 14356049.6 716.29833 17127.526741113226
 469359.816 18713367.799999997 751.28851 16568.27794290255
 468868.38099999993 21702771.400000002 774.63176 16255.716210489963
 468466.066 24892884.0 799.05983 15966.646029294174
 468164.225 28300523.2 824.43463 15696.398524588145
 467974.637 31943473.9 850.7372600000001 15441.52013394194
 467909.794 35840676.3 877.95667 15199.390160083369
 467983.16799999994 40012483.9 906.09241 14967.979249462996
 468209.4689999999 44480980.099999994 935.15623 14745.689710917677
 468604.865 49270338.5 965.1657 14531.24715629797
 469171.66300000005 54285917.9 995.16053 14328.291777790295
 469187.17299999995 54407205.9 995.87925 14323.624210007993
 469975.99900000006 59921084.6 1028.2122 14121.985636833495
 470992.83699999994 65844685.2 1061.3300000000001 13925.647660848857
 472261.11100000003 72214220.60000001 1095.5797 13734.047661855402
 473806.167 79069610.0 1131.0066000000001 13546.720845442649
 475655.208 86454562.5 1167.6449 13363.282101815246
 477837.1780000001 94416512.4 1205.5114 13183.411922000527
 480382.593 103006381.0 1244.5997 13006.84514251852
 483323.32999999995 112278144.0 1284.8737999999998 12833.362177148321
 486692.36399999994 122288188.0 1326.2640000000001 12662.782101825002
 490523.475 133094455.0 1368.6616000000001 12494.957222040995
 494850.921 144755356.0 1411.9164 12329.7690837387
 499709.083 157328472.0 1455.8343 12167.12541076834
 505132.095 170869053.0 1500.1759 12006.958066444327
 511153.45700000005 185428310.0 1544.6564 11849.221824627097
 517805.645 201051544.0 1588.9456 11693.893716250714
 525119.713 217776118.0 1632.6685 11540.973000062946
 533124.906 235629302.0 1675.4066 11390.481601524609
 541848.278 254626014.99999997 1664.0671 11242.464902828367
 586148.444 3336.03993 691.57971 35712.602681768265
 586144.849 33371.174900000005 691.80037 30928.936552774874
 586108.832 334792.10599999997 694.00869 26138.98911289975
 586099.196 415623.722 694.59958 25689.676507299212
 586087.236 516078.61300000007 695.33382 25239.913605788224
 586072.389 640978.808 696.2459399999999 24789.59129464005
 586053.96 796362.7470000001 697.37945 24338.573733671426
 586031.085 989809.206 698.7887900000001 23886.691645672366
 586002.697 1230856.66 700.54215 23433.73410735912
 585967.485 1531551.0999999998 702.72523 22979.43746643674
 585923.847 1907169.31 705.44609 22523.472188302392
 585869.852 2377185.63 708.8416 22065.425279708255
 585803.226 2966583.22 713.08609 21604.77803601851
 585721.388 3707662.88 718.4032299999999 21140.876911398605
 585621.628 4642587.7299999995 725.0825600000001 20672.896151001525
 585501.5480000001 5827045.39 733.50287 20199.787197467023
 585360.06 7335656.97 744.16579 19720.212656594358
 585199.459 9270204.540000001 757.74436 19232.45641044882
 585029.567 11772555.0 775.15263 18734.30123451399
 584875.775 15045659.799999999 797.6431200000001 18222.861518450885
 584794.413 19388832.2 826.93605 17694.352558576454
 584901.792 25258834.0 865.07159 17143.777340008586
 585110.731 29273989.9 890.2482200000001 16837.05874100886
 585444.659 33545952.2 916.3618 16554.129721460732
 585916.92 38093215.9 943.25336 16290.338444604056
 586541.289 42934947.699999995 970.87981 16042.247788231893
 587332.223 48091120.6 999.20434 15807.25392804168
 588305.131 53582724.1 1028.1995 15583.343613342939
 589476.62 59432040.5 1057.8495 15368.935241643832
 590864.741 65662972.900000005 1088.1452 15162.7702444167
 592449.339 72145197.7 1118.1471999999998 14968.30166970931
 592489.192 72301406.0 1118.8610999999998 14963.837099120254
 594371.505 79375575.3 1150.7531 14771.316580502196
 596535.177 86916413.60000001 1183.1004 14584.541953236188
 599005.764 94957844.9 1216.1846 14402.968307439205
 601810.914 103536990.0 1250.035 14226.150356601653
 604980.351 112694249.0 1284.6736999999998 14053.724079436268
 608545.794 122473236.0 1320.1092999999998 13885.393392844966
 612540.82 132920518.99999999 1356.3311 13720.918808376755
 617000.6680000001 144085164.0 1393.3019 13560.109208702665
 621961.9909999999 156018042.0 1430.9533000000001 13402.81455068501
 627462.544 168770902.0 1469.1797 13248.920638806034
 633540.841 182395199.0 1507.8344 13098.344977210229
 640235.757 196940672.0 1546.7264 12951.033164673128
 647586.101 212453698.0 1585.6179 12806.956382661847
 655630.163 228975419.0 1624.2224 12666.109925814319
 664405.2339999999 246539672.0 1662.2047 12528.511392184666
 673947.1190000001 265170746.0 1699.1794 12394.199981058386
 684289.64 284880983.0 1734.7116 12263.236297498846
 695464.14 305668270.0 1714.8461 12135.701715313679
 735645.312 4494.7339 802.74612 36350.77445733935
 735649.015 44961.8693 802.99563 31567.153691166986
 735686.401 451075.39999999996 805.49178 26777.66248119493
 735696.498 559982.575 806.15942 26328.47253384913
 735709.091 695328.997 806.98887 25878.862191059532
 735724.817 863611.621 808.019 25428.72988931872
 735744.488 1072966.33 809.29878 24977.94905437352
 735769.1469999999 1333604.31 810.88936 24526.362384483127
 735800.146 1658376.95 812.86724 24073.773834085532
 735839.2479999999 2063513.65 815.32834 23619.93895336342
 735888.791 2569595.52 818.39328 23164.55260584569
 735951.9199999999 3202856.25 822.21431 22707.233344079086
 736032.9450000001 3996944.75 826.9844899999999 22247.50325059102
 736137.901 4995353.09 832.9501499999999 21784.762416720393
 736275.4519999999 6254824.09 840.42786 21318.255383623465
 736458.378 7850237.609999999 849.8281 20847.027928218354
 736706.0769999999 9881789.41 861.6885 20369.869584139265
 737048.862 12485827.5 876.7207500000001 19885.23770685579
 737535.432 15851697.299999999 895.87607 19391.15609284333
 738246.0419999999 20248742.5 920.4332499999999 18885.07883086181
 739315.9259999999 26070886.599999997 952.1081 18363.70984311197
 740977.356 33912191.8 992.88069 17822.7703954438
 742243.659 39254900.5 1019.5125 17522.606699978507
 743695.1619999999 44919171.2 1046.8845 17246.60537287771
 745347.1329999999 50924560.6 1074.8192999999998 16990.126332473671
 747215.298 57290832.4 1103.249 16749.74499247797
 749316.081 64038023.7 1132.1099 16522.869551902
 751666.856 71186589.4 1161.3461 16307.499280034384
 754286.205 78757618.7 1190.9117 16102.064931227163
 757194.159 86773110.1 1220.7682 15905.320218138835
 760335.378 95057341.6 1250.0214999999998 15720.500311626905
 760412.4349999999 95256286.80000001 1250.712 15716.266360412636
 763964.637 104231925.0 1281.3037 15534.097071781647
 767876.426 113726670.0 1311.961 15358.159069417577
 772175.641 123769294.0 1342.8827 15187.921937459703
 776892.3749999999 134390881.0 1374.074 15022.955485708142
 782058.981 145624877.0 1405.5363 14862.912320008596
 787710.0329999999 157506990.0 1437.2612 14707.514200515796
 793882.2 170074894.0 1469.2241999999998 14556.540995056954
 800614.073 183367718.0 1501.3782 14409.82260369654
 807945.916 197425290.0 1533.6475 14267.231603266708
 815919.354 212287133.0 1565.9217999999998 14128.678132387706
 824577.0079999999 227991191.0 1598.0505 13994.10540511498
 833962.069 244572292.0 1629.8392 13863.486078873844
 844117.831 262060370.0 1661.0447 13736.819584139263
 855087.1849999999 280478428.0 1691.373 13614.129996776273
 866912.078 299840301.0 1720.4759999999998 13495.464098431119
 879632.9539999999 320148217.0 1747.9499999999998 13380.890253599826
 893288.1769999999 341390199.0 1773.3332 13270.497512357615
 907913.4539999999 363537328.0 1717.9427 13164.394605630774
 1132832.847 7573.174129999999 1041.9921000000001 37636.076699248485
 1132856.205 75755.28570000001 1042.2919 32852.536232736725
 1133091.525 759912.0229999999 1045.2891 28063.853548755643
 1133154.911 943352.39 1046.0898 27614.881273804396
 1133233.849 1171308.75 1047.0839 27165.541938134803
 1133332.251 1454710.34 1048.3175 26715.747312988183
 1133455.061 1807237.91 1049.8488 26265.387746994845
 1133608.558 2246053.18 1051.7495999999998 25814.327296819115
 1133800.756 2792741.34 1054.1100000000001 25362.397094377101
 1134041.953 3474538.9 1057.0417 24909.387562884116
 1134345.4710000001 4325949.13 1060.6846 24455.038372016264
 1134728.705 5390891.779999999 1065.2135 23999.026221473563
 1135214.602 6725601.21 1070.8477 23540.949244375275
 1135833.79 8402592.54 1077.8634 23080.307807268723
 1136627.722 10516182.0 1086.6097 22616.480192053742
 1137653.3760000001 13190318.0 1097.5303000000001 22148.6923020255
 1138990.4340000001 16589929.2 1111.1928 21675.979392634475
 1140752.47 20937753.7 1128.3273 21197.138168768044
 1143104.71 26539925.900000002 1149.8767 20710.66705782224
 1146292.774 33825864.300000004 1177.0567999999998 20214.69379757758
 1150689.9880000001 43411902.8 1211.4124 19706.892437133996
 1156876.692 56204557.0 1254.608 19184.402780495463
 1161235.632 64840286.6 1282.1965 18896.847309150736
 1165962.5320000001 73923076.0 1310.0035 18634.199338077676
 1171075.462 83470636.0 1337.8317 18391.830747826996
 1176592.982 93499479.7 1365.5668 18166.328971953775
 1182534.402 104024808.0 1393.0937999999998 17955.11459161255
 1188919.922 115060476.0 1420.3006 17756.19882445798
 1195771.022 126619041.99999999 1447.0806 17568.024752420722
 1203110.592 138711878.0 1473.3339 17389.358454791854
 1210778.182 151054849.0 1498.341 17223.006650760875
 1210963.262 151349329.0 1498.9187 17219.213464660126
 1219355.632 164540900.0 1523.9194 17056.796399230912
 1228316.442 178295427.0 1548.0954 16901.46713124459
 1237876.772 192621205.0 1571.4361999999998 16752.7091008985
 1248070.102 207526035.0 1593.8775999999998 16610.10670698837
 1258932.452 223017146.0 1615.3532 16473.328246627152
 1270502.262 239100948.0 1635.7898 16342.112011913088
 1282820.402 255782601.0 1655.1011 16216.256085649424
 1295929.942 273065330.0 1673.1811 16095.609412599088
 1309875.922 290949510.0 1689.8972999999998 15980.065230479266
 1324705.0820000001 309431454.0 1705.0834 15869.5556170491
 1340465.392 328501933.0 1718.5317 15764.046770630044
 1357205.692 348144401.0 1729.986 15663.535661826376
 1374975.0820000001 368332955.0 1739.1338 15568.046685245728
 1393822.442 389030022.0 1745.5984 15477.629650531397
 1413795.732 410183810.0 1748.9303 15392.357231292264
 1434941.412 431725551.0 1748.5975 15312.323785232888
 1457303.7820000001 453566559.0 1743.9735 15237.643759734687
 1480924.2320000003 475595137.0 1666.5512 15168.450543874433
 1802055.122 12760.019999999999 1352.5402 39059.691349778004
 1802114.682 127636.844 1352.8852 34276.23835484211
 1802714.462 1280036.45 1356.3293999999998 29488.436212845077
 1802875.9420000002 1588930.19 1357.2478999999998 29039.700788796224
 1803076.992 1972727.5899999998 1358.3867 28590.656625611227
 1803327.5420000001 2449787.16 1359.7983 28141.229590316605
 1803640.122 3043071.87 1361.5478 27691.328516577606
 1804030.6220000002 3781359.7800000002 1363.7154 27240.840586764697
 1804519.272 4700802.73 1366.4007 26789.626751871983
 1805132.002 5846947.61 1369.7264 26337.515031728413
 1805902.252 7277380.6899999994 1373.8439 25884.293909838826
 1806873.452 9065221.559999999 1378.94 25429.70264329397
 1808102.6020000001 11303792.2 1385.2448 24973.422329718796
 1809665.172 14112936.4 1393.0417 24515.061334285604
 1811662.3220000001 17647696.5 1402.6796 24054.143025693916
 1814231.372 22110413.5 1414.5873 23590.087361214322
 1817561.372 27767896.6 1429.2917 23122.19493210679
 1821916.5320000001 34976234.1 1447.4376 22649.627337403235
 1827672.1720000002 44217334.800000004 1469.8075 22171.392308105376
 1835370.502 56153711.4 1497.3297 21686.337083099755
 1845808.692 71711728.7 1531.0467999999998 21193.16421233185
 1860179.8520000001 92208415.1 1571.8837 20690.501431439206
 1870110.522 105871625.0 1597.0133 20416.44801019652
 1880718.622 120091817.0 1621.4984 20168.055631608986
 1892023.492 134874478.0 1645.1444 19940.69954882998
 1904044.7820000001 150221406.0 1667.7839000000001 19730.970193932407
 1916802.762 166130294.0 1689.2401 19536.290741096134
 1930318.472 182594408.0 1709.3297 19354.674911136527
 1944614.0320000001 199602344.0 1727.8662 19184.567633872713
 1959712.8620000001 217137852.0 1744.664 19024.736697023854
 1975267.182 234762611.0 1759.3656 18877.534332078666
 1975640.002 235179717.0 1759.682 18874.197061307233
 1992422.3120000001 253701670.0 1772.2678 18732.156391534044
 2010088.732 272672285.0 1782.699 18597.975482433386
 2028670.452 292054842.0 1790.6224 18471.13854489979
 2048201.0620000001 311807106.0 1795.8346000000001 18351.23079766018
 2068716.6220000002 331880977.0 1798.1191000000001 18237.921131097253
 2090255.6520000002 352221979.0 1797.24 18130.94866982006
 2112859.102 372768545.0 1792.9332 18030.1122498319
 2136570.1520000002 393451058.0 1784.8968 17935.261769367996
 2161434.002 414190634.0 1772.7785000000001 17846.29156481056
 2187497.552 434897615.0 1756.1606000000001 17763.134808605493
 2214808.992 455469766.0 1734.5415 17685.759023810645
 2243417.332 475790180.0 1707.3116 17614.16235568222
 2273371.852 495724885.0 1673.7218 17548.370543521705
 2304721.522 515120182.99999994 1632.8400000000001 17488.43438459763
 2337514.292 533799730.0 1583.4882 17434.427519808585
 2371796.472 551561396.0 1524.1457 17386.4447303471
 2407611.952 568173932.0 1452.7939999999998 17344.600461475016
 2445001.4820000003 583373479.0 1348.4661 17309.027422002647
 2929630.0820000004 21499.3006 1755.64 40565.3967631496
 2929761.892 215047.714 1756.0134999999997 35782.04693738119
 2931088.102 2155944.64 1759.7359 30995.282939248372
 2931444.782 2675970.45 1760.7259 30546.826574750833
 2931888.6520000002 3321966.59 1761.9511 30098.129370412312
 2932441.452 4124735.6799999997 1763.4669000000001 29649.13442148797
 2933130.572 5122765.48 1765.3411 29199.771624836732
 2933990.6520000002 6364227.09 1767.6567 28749.95509540547
 2935065.662 7909534.13 1770.5150999999998 28299.579549306807
 2936411.6920000002 9834640.860000001 1774.0393000000001 27848.51636114924
 2938100.7320000003 12235323.100000001 1778.3785 27396.609160827534
 2940225.802 15232778.9 1783.7119 26943.668363208736
 2942908.062 18981021.5 1790.2533 26489.466798620524
 2946306.742 23676732.3 1798.2555 26033.733231596273
 2950633.272 29572528.3 1808.0132 25576.148912442997
 2956171.592 36995021.4 1819.8638 25116.34466797784
 2963307.772 46369669.4 1834.1831 24653.903956816397
 2972573.8520000004 58255333.300000004 1851.3716 24188.373473020397
 2984713.3219999996 73392749.0 1871.8199 23719.29086834609
 3000780.572 92772782.3 1895.8306 23246.241084122513
 3022293.202 117731811.0 1923.4441 22768.964870150062
 3051468.122 150080287.0 1954.2025999999998 22287.567038543667
 3071366.692 171302175.0 1971.4252999999998 22027.840202728442
 3092412.9820000003 193096573.0 1986.6347 21794.45660192714
 3114624.632 215435186.0 1999.6652 21582.789204176035
 3138019.182 238281976.0 2010.2750999999998 21389.425342289538
 3162614.222 261592278.99999997 2018.1973000000002 21211.78485898431
 3188427.682 285312026.0 2023.1393999999997 21047.87702050274
 3215478.032 309377031.0 2024.7845 20896.141686551341
 3243784.582 333712368.0 2022.8011000000001 20755.34102728842
 3272678.392 357671004.0 2017.4656 20627.36467114026
 3273367.7520000003 358231795.0 2017.2816 20624.483669052064
 3304249.342 382837211.0 2006.3754999999998 20502.770182175641
 3336452.7520000003 407418105.0 1991.1122 20389.553564427904
 3370003.182 431850976.0 1970.5091 20284.309923724376
 3404927.832 455998659.0 1944.0134 20186.615338811465
 3441255.912 479709534.0 1910.9887999999998 20096.129246136217
 3479018.722 502816565.00000005 1870.6864 20012.580825841083
 3518249.592 525136131.0 1822.2035 19935.758038670515
 3558983.6720000002 546466615.0 1764.4228 19865.49986419075
 3601257.772 566586723.0 1695.9202 19801.68881982649
 3645110.012 585253512.0 1614.816 19744.24573766584
 3690579.4020000002 602200113.0 1518.5212999999998 19693.12558590419
 3737705.352 617133145.0 1403.2667999999998 19648.312987005865
 3786527.1520000002 629729842.0 1263.1236999999998 19609.819836376482
 3837083.302 639634887.0 1087.6072000000001 19577.682190911215
 3889410.852 646456983.0 853.99671 19551.958629023883
 3943544.682 649765208.0 482.28574000000003 19532.727869319292
 3999516.722 649085154.0 0.0E+0 19520.087782117585
 4057355.2320000003 643894911.0 0.0E+0 19514.15345743373
 4829486.592 36224.0367 2279.0211999999996 42119.82526133333
 4829772.702 362317.21499999996 2280.7111999999997 37336.60600133333
 4832647.421999999 3630834.73 2283.5206000000002 32551.152147999997
 4833419.391999999 4506093.95 2284.6364000000003 32103.047194666662
 4834379.402 5593092.0 2286.0144999999997 31654.786667999997
 4835573.952 6943448.51 2287.7147999999997 31206.334701333333
 4837061.492 8621576.03 2289.81 30757.647594666665
 4838915.602 10707958.0 2292.3876999999997 30308.672334666665
 4841229.261999999 13303319.9 2295.5525 29859.345108
 4844120.421999999 16533961.5 2299.4285 29409.58981466667
 4847739.471999999 20558607.1 2304.1605 28959.31638133333
 4852279.222 25577255.1 2309.9148 28508.420148
 4857988.522 31842669.7 2316.877 28056.781948
 4865191.022 39675386.1 2325.2465 27604.270348
 4874311.431999999 49483386.800000004 2335.2238 27150.747688
 4885912.572 61787983.6 2346.9871000000002 26696.082047999996
 4900748.492 77257864.4 2360.6484 26240.169794666668
 4919841.602 96753659.69999999 2376.1776 25782.975468
 4944595.771999999 121385436.0 2393.2641000000003 25324.599647999995
 4976964.242 152584300.0 2411.0611999999996 24865.39409466667
 5019700.971999999 192184158.0 2427.6897000000003 24406.156047999997
 5076739.562 242492959.0 2435.4877 23948.458441333332
 5115126.101999999 274850969.0 2437.6897999999996 23704.467534666666
 5155330.052 307530307.0 2435.8048 23487.39750133333
 5197362.762 340427889.0 2429.4719 23292.61604133333
 5241234.431999999 373426678.0 2418.2697000000002 23116.704554666666
 5286954.272 406394119.0 2401.7117 22957.075581333334
 5334530.742 439180648.0 2379.2377 22811.730361333335
 5383971.821999999 471618308.0 2350.2033 22679.100147999997
 5435285.251999999 503519418.99999994 2314.1196 22557.93710133333
 5487244.152 533974429.0 2283.6943 22449.654434666666
 5488478.842 534675323.0 2269.3379999999997 22447.23916133333
 5543560.721999999 564855150.0 2215.5941000000002 22346.195348
 5600539.5819999994 593804583.0 2151.3692 22254.146387999997
 5659424.912 621244592.0 2075.0955000000003 22170.554808
 5720227.141999999 646870079.0 1984.7593 22094.98269466667
 5782957.722 670348399.0 1877.6689 22027.07441466667
 5847629.192 691317714.0 1750.0393000000001 21966.543061333333
 5914255.0819999994 709385140.0 1596.1689999999998 21913.160121333334
 5982849.811999999 724124643.0 1406.5855000000001 21866.746674666665
 6053428.421999999 735074671.0 1162.8842 21827.167014666665
 6126006.272 741735474.0 816.50397 21794.32271466667
 6200598.612 743566136.0 0.0E+0 21768.14847466667
 6277220.102 739981282.0 0.0E+0 21748.60800133333
 6355884.251999999 730347492.0 0.0E+0 21735.691301333332
 6436602.761999999 713979414.0 0.0E+0 21729.411774666663
 6519384.822 690135632.0 0.0E+0 21729.804348
 6604236.402 658014277.0 0.0E+0 21736.923334666666
 6691159.452 616748449.0 0.0E+0 21750.840968
 6780151.1219999995 565401473.0 0.0E+0 21771.646148000003
